1	7	30	    
1	9	16	    
1	9	17	   
1	9	24	    
1	27	1	   
1	27	1	    
1	27	4	    
1	27	7	   
1	27	7	    
1	27	9	    
1	27	9	    
1	27	17	 
1	27	18	  
1	27	23	  
1	28	17	 
2	3	1	      
2	3	1	     
2	3	10	  
2	3	10	    
2	6	24	    
2	8	30	    
2	12	13	  
2	15	6	   
2	15	7	    
2	15	26	  
2	15	28	  
2	21	12	 
2	26	1	    
2	26	9	    
2	26	14	 
2	26	21	  
2	26	26	  
2	26	26	  
2	26	27	 
2	28	48	
3	27	4	    
3	27	4	    
4	1	26	    
4	8	26	    
5	9	2	      
5	9	2	      
5	9	4	      
5	9	4	      
5	9	6	      
5	9	6	      
5	9	8	     
5	9	8	      
5	9	10	    
5	9	10	    
5	9	12	    
5	9	12	   
5	9	13	  
5	9	14	    
5	9	14	    
5	9	18	  
5	9	18	    
5	9	20	    
5	9	20	    
5	9	22	    
5	9	22	    
5	9	24	    
5	9	24	    
5	9	26	    
5	9	26	    
5	9	28	    
5	9	28	    
5	20	30	  
5	27	5	    
6	15	3	    
6	15	6	    
6	15	13  	
6	15	14	  
6	15	25	  
6	27	9   	
7	3	1	      
7	3	2	      
7	3	15	    
7	3	15	    
7	4	26	    
7	14	6	    
7	15	16	  
8	13	22	  
8	14	18	  
8	15	12	 
10	2	2	    
10	2	2	    
10	7	14	  
10	7	16	  
10	7	17	   
10	9	3   	
10	9	3	    
10	14	9	  
10	17	10	
10	21	4	  
10	31	14	
10	32	10	
10	32	12	
10	32	12	
10	35	4	  
12	18	12	
12	35	3	  
12	35	21	